{
    "camera_angle_x": 0.6194058656692505,
    "frames": [
        {
            "file_path": "./train/r_0",
            "rotation": 0.012566370614359171,
            "transform_matrix": [
                [
                    -0.9754950404167175,
                    -0.1484755426645279,
                    -0.16237139701843262,
                    -0.6545401215553284
                ],
                [
                    -0.22002151608467102,
                    0.6582863330841064,
                    0.7198954820632935,
                    2.901991844177246
                ],
                [
                    0.0,
                    0.7379797697067261,
                    -0.6748228073120117,
                    -2.7202980518341064
                ],
                [
                    0.0,
                    0.0,
                    0.0,
                    1.0
                ]
            ]
        },
        {
            "file_path": "./train/r_1",
            "rotation": 0.012566370614359171,
            "transform_matrix": [
                [
                    -0.9601329565048218,
                    0.06956244260072708,
                    -0.27075058221817017,
                    -1.0914306640625
                ],
                [
                    -0.27954399585723877,
                    -0.23892194032669067,
                    0.9299307465553284,
                    3.748671054840088
                ],
                [
                    0.0,
                    0.9685437679290771,
                    0.24884258210659027,
                    1.0031166076660156
                ],
                [
                    0.0,
                    0.0,
                    0.0,
                    1.0
                ]
            ]
        },
        {
            "file_path": "./train/r_2",
            "rotation": 0.012566370614359171,
            "transform_matrix": [
                [
                    -0.8944634795188904,
                    -0.29777172207832336,
                    0.3335669934749603,
                    1.344651699066162
                ],
                [
                    0.4471408724784851,
                    -0.5956645011901855,
                    0.6672695875167847,
                    2.689850091934204
                ],
                [
                    0.0,
                    0.745999813079834,
                    0.6659460663795471,
                    2.6845147609710693
                ],
                [
                    0.0,
                    0.0,
                    0.0,
                    1.0
                ]
            ]
        },
        {
            "file_path": "./train/r_3",
            "rotation": 0.012566370614359171,
            "transform_matrix": [
                [
                    -0.023383477702736855,
                    0.11282163858413696,
                    0.9933400750160217,
                    4.004281997680664
                ],
                [
                    0.9997265934944153,
                    0.002638883888721466,
                    0.02323409728705883,
                    0.09365963935852051
                ],
                [
                    -2.3283064365386963e-10,
                    0.993611752986908,
                    -0.11285249888896942,
                    -0.45492297410964966
                ],
                [
                    0.0,
                    0.0,
                    0.0,
                    1.0
                ]
            ]
        },
        {
            "file_path": "./train/r_4",
            "rotation": 0.012566370614359171,
            "transform_matrix": [
                [
                    0.0023611660581082106,
                    0.05203204229474068,
                    0.9986425638198853,
                    4.0256571769714355
                ],
                [
                    0.9999972581863403,
                    -0.00012285663979128003,
                    -0.0023579674307256937,
                    -0.009505271911621094
                ],
                [
                    1.4551916963090328e-11,
                    0.9986452460289001,
                    -0.052032191306352615,
                    -0.20974849164485931
                ],
                [
                    0.0,
                    0.0,
                    0.0,
                    1.0
                ]
            ]
        },
        {
            "file_path": "./train/r_5",
            "rotation": 0.012566370614359171,
            "transform_matrix": [
                [
                    -0.7694109082221985,
                    -0.14660325646400452,
                    -0.6217026710510254,
                    -2.5061635971069336
                ],
                [
                    -0.6387540102005005,
                    0.1765909045934677,
                    0.7488716840744019,
                    3.018798351287842
                ],
                [
                    7.450580596923828e-09,
                    0.9733051657676697,
                    -0.22951440513134003,
                    -0.9252021312713623
                ],
                [
                    0.0,
                    0.0,
                    0.0,
                    1.0
                ]
            ]
        },
        {
            "file_path": "./train/r_6",
            "rotation": 0.012566370614359171,
            "transform_matrix": [
                [
                    -0.8640074729919434,
                    0.056865982711315155,
                    0.5002572536468506,
                    2.0166015625
                ],
                [
                    0.50347900390625,
                    0.0975862666964531,
                    0.8584787249565125,
                    3.4606385231018066
                ],
                [
                    -3.725290742551124e-09,
                    0.9936010241508484,
                    -0.11294609308242798,
                    -0.4553002715110779
                ],
                [
                    0.0,
                    0.0,
                    0.0,
                    1.0
                ]
            ]
        },
        {
            "file_path": "./train/r_7",
            "rotation": 0.012566370614359171,
            "transform_matrix": [
                [
                    -0.793992280960083,
                    0.014652137644588947,
                    0.607751190662384,
                    2.4499237537384033
                ],
                [
                    0.6079278588294983,
                    0.019136618822813034,
                    0.7937615513801575,
                    3.1997554302215576
                ],
                [
                    0.0,
                    0.9997095465660095,
                    -0.02410176768898964,
                    -0.09715734422206879
                ],
                [
                    0.0,
                    0.0,
                    0.0,
                    1.0
                ]
            ]
        },
        {
            "file_path": "./train/r_8",
            "rotation": 0.012566370614359171,
            "transform_matrix": [
                [
                    -0.5875349640846252,
                    0.7869558334350586,
                    -0.1884230673313141,
                    -0.7595577239990234
                ],
                [
                    -0.8091988563537598,
                    -0.5713849663734436,
                    0.13680830597877502,
                    0.5514919757843018
                ],
                [
                    -1.4901161193847656e-08,
                    0.23285116255283356,
                    0.9725123047828674,
                    3.9203226566314697
                ],
                [
                    0.0,
                    0.0,
                    0.0,
                    1.0
                ]
            ]
        },
        {
            "file_path": "./train/r_9",
            "rotation": 0.012566370614359171,
            "transform_matrix": [
                [
                    -0.45208820700645447,
                    0.08876685798168182,
                    -0.8875453472137451,
                    -3.5778095722198486
                ],
                [
                    -0.8919733762741089,
                    -0.04499063268303871,
                    0.4498438835144043,
                    1.8133785724639893
                ],
                [
                    0.0,
                    0.995035707950592,
                    0.09951741248369217,
                    0.40116751194000244
                ],
                [
                    0.0,
                    0.0,
                    0.0,
                    1.0
                ]
            ]
        },
        {
            "file_path": "./train/r_10",
            "rotation": 0.012566370614359171,
            "transform_matrix": [
                [
                    0.9926120638847351,
                    0.04207466170191765,
                    0.11380243301391602,
                    0.45875227451324463
                ],
                [
                    0.12133125215768814,
                    -0.34421318769454956,
                    -0.9310187697410583,
                    -3.753056764602661
                ],
                [
                    0.0,
                    0.9379482865333557,
                    -0.3467751443386078,
                    -1.397895336151123
                ],
                [
                    0.0,
                    0.0,
                    0.0,
                    1.0
                ]
            ]
        },
        {
            "file_path": "./train/r_11",
            "rotation": 0.012566370614359171,
            "transform_matrix": [
                [
                    0.5816230773925781,
                    -0.5793254971504211,
                    0.5710486173629761,
                    2.3019707202911377
                ],
                [
                    0.8134583830833435,
                    0.4142179489135742,
                    -0.40829998254776,
                    -1.6459099054336548
                ],
                [
                    0.0,
                    0.7020009756088257,
                    0.7121759057044983,
                    2.870872974395752
                ],
                [
                    0.0,
                    0.0,
                    0.0,
                    1.0
                ]
            ]
        },
        {
            "file_path": "./train/r_12",
            "rotation": 0.012566370614359171,
            "transform_matrix": [
                [
                    -0.9480983018875122,
                    0.2326076775789261,
                    0.21680253744125366,
                    0.8739590644836426
                ],
                [
                    0.3179774880409241,
                    0.6935551166534424,
                    0.646429717540741,
                    2.605841875076294
                ],
                [
                    1.4901162970204496e-08,
                    0.6818172931671143,
                    -0.7315223813056946,
                    -2.9488613605499268
                ],
                [
                    0.0,
                    0.0,
                    0.0,
                    1.0
                ]
            ]
        },
        {
            "file_path": "./train/r_13",
            "rotation": 0.012566370614359171,
            "transform_matrix": [
                [
                    0.4135655164718628,
                    0.26583150029182434,
                    -0.8708025217056274,
                    -3.51031756401062
                ],
                [
                    -0.9104744791984558,
                    0.1207488477230072,
                    -0.3955453038215637,
                    -1.5944942235946655
                ],
                [
                    -7.450582373280668e-09,
                    0.9564272165298462,
                    0.29197031259536743,
                    1.17697012424469
                ],
                [
                    0.0,
                    0.0,
                    0.0,
                    1.0
                ]
            ]
        },
        {
            "file_path": "./train/r_14",
            "rotation": 0.012566370614359171,
            "transform_matrix": [
                [
                    -0.9997804760932922,
                    -0.004428272135555744,
                    -0.02048291452229023,
                    -0.08256927132606506
                ],
                [
                    -0.0209561325609684,
                    0.21126513183116913,
                    0.9772040843963623,
                    3.9392356872558594
                ],
                [
                    0.0,
                    0.9774187803268433,
                    -0.21131151914596558,
                    -0.8518239855766296
                ],
                [
                    0.0,
                    0.0,
                    0.0,
                    1.0
                ]
            ]
        },
        {
            "file_path": "./train/r_15",
            "rotation": 0.012566370614359171,
            "transform_matrix": [
                [
                    -0.9999589920043945,
                    -0.007714532315731049,
                    0.004757225513458252,
                    0.019176989793777466
                ],
                [
                    0.009063400328159332,
                    -0.8511393070220947,
                    0.5248615741729736,
                    2.1157846450805664
                ],
                [
                    0.0,
                    0.5248831510543823,
                    0.8511742949485779,
                    3.4311933517456055
                ],
                [
                    0.0,
                    0.0,
                    0.0,
                    1.0
                ]
            ]
        },
        {
            "file_path": "./train/r_16",
            "rotation": 0.012566370614359171,
            "transform_matrix": [
                [
                    0.6201189160346985,
                    0.13934694230556488,
                    -0.7720329761505127,
                    -3.1121644973754883
                ],
                [
                    -0.7845078110694885,
                    0.1101476401090622,
                    -0.610258162021637,
                    -2.460029363632202
                ],
                [
                    0.0,
                    0.984098494052887,
                    0.17762340605258942,
                    0.7160228490829468
                ],
                [
                    0.0,
                    0.0,
                    0.0,
                    1.0
                ]
            ]
        },
        {
            "file_path": "./train/r_17",
            "rotation": 0.012566370614359171,
            "transform_matrix": [
                [
                    -0.6989414691925049,
                    -0.5353379845619202,
                    -0.474230021238327,
                    -1.9116824865341187
                ],
                [
                    -0.7151789665222168,
                    0.5231835842132568,
                    0.46346303820610046,
                    1.8682793378829956
                ],
                [
                    -1.4901161193847656e-08,
                    0.6630927920341492,
                    -0.7485370635986328,
                    -3.0174496173858643
                ],
                [
                    0.0,
                    0.0,
                    0.0,
                    1.0
                ]
            ]
        },
        {
            "file_path": "./train/r_18",
            "rotation": 0.012566370614359171,
            "transform_matrix": [
                [
                    0.8682831525802612,
                    0.002038974780589342,
                    -0.4960647225379944,
                    -1.999700903892517
                ],
                [
                    -0.49606892466545105,
                    0.00356887374073267,
                    -0.8682757616043091,
                    -3.500131607055664
                ],
                [
                    0.0,
                    0.9999915957450867,
                    0.004110264591872692,
                    0.01656900718808174
                ],
                [
                    0.0,
                    0.0,
                    0.0,
                    1.0
                ]
            ]
        },
        {
            "file_path": "./train/r_19",
            "rotation": 0.012566370614359171,
            "transform_matrix": [
                [
                    0.6995679140090942,
                    0.6616824865341187,
                    -0.26977941393852234,
                    -1.0875155925750732
                ],
                [
                    -0.7145661115646362,
                    0.6477943062782288,
                    -0.26411697268486023,
                    -1.0646895170211792
                ],
                [
                    -1.4901161193847656e-08,
                    0.3775428533554077,
                    0.9259920716285706,
                    3.7327933311462402
                ],
                [
                    0.0,
                    0.0,
                    0.0,
                    1.0
                ]
            ]
        },
        {
            "file_path": "./train/r_20",
            "rotation": 0.012566370614359171,
            "transform_matrix": [
                [
                    -0.49713069200515747,
                    -0.5970003604888916,
                    -0.629643976688385,
                    -2.5381760597229004
                ],
                [
                    -0.86767578125,
                    0.3420485258102417,
                    0.36075153946876526,
                    1.4542360305786133
                ],
                [
                    -1.4901162970204496e-08,
                    0.7256673574447632,
                    -0.6880455613136292,
                    -2.7736003398895264
                ],
                [
                    0.0,
                    0.0,
                    0.0,
                    1.0
                ]
            ]
        },
        {
            "file_path": "./train/r_21",
            "rotation": 0.012566370614359171,
            "transform_matrix": [
                [
                    0.8701537251472473,
                    0.03934556245803833,
                    -0.49120721220970154,
                    -1.9801195859909058
                ],
                [
                    -0.492780476808548,
                    0.06947654485702515,
                    -0.8673756122589111,
                    -3.4965028762817383
                ],
                [
                    0.0,
                    0.996807336807251,
                    0.07984399795532227,
                    0.3218614459037781
                ],
                [
                    0.0,
                    0.0,
                    0.0,
                    1.0
                ]
            ]
        },
        {
            "file_path": "./train/r_22",
            "rotation": 0.012566370614359171,
            "transform_matrix": [
                [
                    -0.9427849054336548,
                    0.12948986887931824,
                    0.3072279393672943,
                    1.2384754419326782
                ],
                [
                    0.333401620388031,
                    0.3661682605743408,
                    0.8687716126441956,
                    3.5021305084228516
                ],
                [
                    0.0,
                    0.9214950799942017,
                    -0.3883900046348572,
                    -1.565650224685669
                ],
                [
                    0.0,
                    0.0,
                    0.0,
                    1.0
                ]
            ]
        },
        {
            "file_path": "./train/r_23",
            "rotation": 0.012566370614359171,
            "transform_matrix": [
                [
                    -0.9909742474555969,
                    -0.006840846501290798,
                    -0.13387781381607056,
                    -0.5396788120269775
                ],
                [
                    -0.13405248522758484,
                    0.05057050287723541,
                    0.9896829724311829,
                    3.989539861679077
                ],
                [
                    -4.656612873077393e-10,
                    0.99869704246521,
                    -0.051031097769737244,
                    -0.2057129442691803
                ],
                [
                    0.0,
                    0.0,
                    0.0,
                    1.0
                ]
            ]
        },
        {
            "file_path": "./train/r_24",
            "rotation": 0.012566370614359171,
            "transform_matrix": [
                [
                    0.8852394819259644,
                    0.03766770660877228,
                    0.4636079668998718,
                    1.8688634634017944
                ],
                [
                    0.46513575315475464,
                    -0.07168862223625183,
                    -0.8823318481445312,
                    -3.556793451309204
                ],
                [
                    0.0,
                    0.9967155456542969,
                    -0.08098217844963074,
                    -0.32644960284233093
                ],
                [
                    0.0,
                    0.0,
                    0.0,
                    1.0
                ]
            ]
        },
        {
            "file_path": "./train/r_25",
            "rotation": 0.012566370614359171,
            "transform_matrix": [
                [
                    0.8324961066246033,
                    0.5328204035758972,
                    0.15183067321777344,
                    0.6120491027832031
                ],
                [
                    0.5540308952331543,
                    -0.8006249070167542,
                    -0.2281433343887329,
                    -0.9196752309799194
                ],
                [
                    -7.450580596923828e-09,
                    0.2740474045276642,
                    -0.9617161154747009,
                    -3.8768019676208496
                ],
                [
                    0.0,
                    0.0,
                    0.0,
                    1.0
                ]
            ]
        },
        {
            "file_path": "./train/r_26",
            "rotation": 0.012566370614359171,
            "transform_matrix": [
                [
                    -0.5743183493614197,
                    0.45138296484947205,
                    0.6829434633255005,
                    2.75303316116333
                ],
                [
                    0.8186320662498474,
                    0.31667160987854004,
                    0.47912487387657166,
                    1.9314141273498535
                ],
                [
                    0.0,
                    0.8342495560646057,
                    -0.5513868927955627,
                    -2.2227115631103516
                ],
                [
                    0.0,
                    0.0,
                    0.0,
                    1.0
                ]
            ]
        },
        {
            "file_path": "./train/r_27",
            "rotation": 0.012566370614359171,
            "transform_matrix": [
                [
                    0.8229384422302246,
                    -0.2628915309906006,
                    -0.5036470890045166,
                    -2.030266284942627
                ],
                [
                    -0.5681305527687073,
                    -0.38079896569252014,
                    -0.7295339107513428,
                    -2.940845251083374
                ],
                [
                    1.4901162970204496e-08,
                    0.8864986300468445,
                    -0.46273088455200195,
                    -1.8653278350830078
                ],
                [
                    0.0,
                    0.0,
                    0.0,
                    1.0
                ]
            ]
        },
        {
            "file_path": "./train/r_28",
            "rotation": 0.012566370614359171,
            "transform_matrix": [
                [
                    0.4120931327342987,
                    -0.6805105209350586,
                    0.6058750748634338,
                    2.4423608779907227
                ],
                [
                    0.9111417531967163,
                    0.30778276920318604,
                    -0.274026483297348,
                    -1.1046361923217773
                ],
                [
                    0.0,
                    0.6649625301361084,
                    0.74687659740448,
                    3.010756015777588
                ],
                [
                    0.0,
                    0.0,
                    0.0,
                    1.0
                ]
            ]
        },
        {
            "file_path": "./train/r_29",
            "rotation": 0.012566370614359171,
            "transform_matrix": [
                [
                    0.7486618161201477,
                    -0.027811110019683838,
                    0.6623685359954834,
                    2.670092821121216
                ],
                [
                    0.6629521250724792,
                    0.031406667083501816,
                    -0.7480027675628662,
                    -3.0152955055236816
                ],
                [
                    -1.8626449271863521e-09,
                    0.9991196990013123,
                    0.04195040836930275,
                    0.16910749673843384
                ],
                [
                    0.0,
                    0.0,
                    0.0,
                    1.0
                ]
            ]
        },
        {
            "file_path": "./train/r_30",
            "rotation": 0.012566370614359171,
            "transform_matrix": [
                [
                    -0.9215436577796936,
                    0.007207753602415323,
                    -0.3882080018520355,
                    -1.5649166107177734
                ],
                [
                    -0.38827499747276306,
                    -0.017107101157307625,
                    0.9213846921920776,
                    3.7142207622528076
                ],
                [
                    0.0,
                    0.9998276829719543,
                    0.0185635257512331,
                    0.07483197003602982
                ],
                [
                    0.0,
                    0.0,
                    0.0,
                    1.0
                ]
            ]
        },
        {
            "file_path": "./train/r_31",
            "rotation": 0.012566370614359171,
            "transform_matrix": [
                [
                    -0.5529622435569763,
                    -0.26502707600593567,
                    0.7899324893951416,
                    3.1843197345733643
                ],
                [
                    0.8332063555717468,
                    -0.17588678002357483,
                    0.5242433547973633,
                    2.1132924556732178
                ],
                [
                    0.0,
                    0.9480633735656738,
                    0.3180810213088989,
                    1.2822256088256836
                ],
                [
                    0.0,
                    0.0,
                    0.0,
                    1.0
                ]
            ]
        },
        {
            "file_path": "./train/r_32",
            "rotation": 0.012566370614359171,
            "transform_matrix": [
                [
                    -0.2852855324745178,
                    -0.27617764472961426,
                    -0.9177896976470947,
                    -3.6997289657592773
                ],
                [
                    -0.9584426283836365,
                    0.08220575004816055,
                    0.27318498492240906,
                    1.1012439727783203
                ],
                [
                    0.0,
                    0.9575845003128052,
                    -0.28815245628356934,
                    -1.1615798473358154
                ],
                [
                    0.0,
                    0.0,
                    0.0,
                    1.0
                ]
            ]
        },
        {
            "file_path": "./train/r_33",
            "rotation": 0.012566370614359171,
            "transform_matrix": [
                [
                    -0.597592830657959,
                    -0.5666263699531555,
                    0.5672895312309265,
                    2.2868173122406006
                ],
                [
                    0.8017997741699219,
                    -0.42231473326683044,
                    0.42280900478363037,
                    1.7043975591659546
                ],
                [
                    0.0,
                    0.7075201869010925,
                    0.7066931128501892,
                    2.848771095275879
                ],
                [
                    0.0,
                    0.0,
                    0.0,
                    1.0
                ]
            ]
        },
        {
            "file_path": "./train/r_34",
            "rotation": 0.012566370614359171,
            "transform_matrix": [
                [
                    0.7290180325508118,
                    0.5658777952194214,
                    -0.3851167559623718,
                    -1.5524554252624512
                ],
                [
                    -0.6844944357872009,
                    0.6026858687400818,
                    -0.41016706824302673,
                    -1.6534364223480225
                ],
                [
                    0.0,
                    0.5626294612884521,
                    0.8267090320587158,
                    3.332571029663086
                ],
                [
                    0.0,
                    0.0,
                    0.0,
                    1.0
                ]
            ]
        },
        {
            "file_path": "./train/r_35",
            "rotation": 0.012566370614359171,
            "transform_matrix": [
                [
                    -0.9956588745117188,
                    -0.006595838814973831,
                    0.09284359961748123,
                    0.37426453828811646
                ],
                [
                    0.09307760000228882,
                    -0.07055623084306717,
                    0.9931557178497314,
                    4.003539085388184
                ],
                [
                    -4.656612873077393e-10,
                    0.9974859952926636,
                    0.07086385786533356,
                    0.28566136956214905
                ],
                [
                    0.0,
                    0.0,
                    0.0,
                    1.0
                ]
            ]
        },
        {
            "file_path": "./train/r_36",
            "rotation": 0.012566370614359171,
            "transform_matrix": [
                [
                    0.8266198635101318,
                    0.3548104465007782,
                    -0.43681713938713074,
                    -1.7608660459518433
                ],
                [
                    -0.5627607107162476,
                    0.5211688280105591,
                    -0.6416256427764893,
                    -2.586475372314453
                ],
                [
                    0.0,
                    0.7762039303779602,
                    0.6304818987846375,
                    2.541553497314453
                ],
                [
                    0.0,
                    0.0,
                    0.0,
                    1.0
                ]
            ]
        },
        {
            "file_path": "./train/r_37",
            "rotation": 0.012566370614359171,
            "transform_matrix": [
                [
                    0.40765729546546936,
                    0.12325835227966309,
                    -0.9047777056694031,
                    -3.647275924682617
                ],
                [
                    -0.9131350517272949,
                    0.05502709746360779,
                    -0.403926283121109,
                    -1.6282790899276733
                ],
                [
                    3.725290742551124e-09,
                    0.9908477067947388,
                    0.13498370349407196,
                    0.5441367626190186
                ],
                [
                    0.0,
                    0.0,
                    0.0,
                    1.0
                ]
            ]
        },
        {
            "file_path": "./train/r_38",
            "rotation": 0.012566370614359171,
            "transform_matrix": [
                [
                    0.7491006851196289,
                    0.23366837203502655,
                    0.6198768019676208,
                    2.49880313873291
                ],
                [
                    0.6624560952186584,
                    -0.26423051953315735,
                    -0.7009522914886475,
                    -2.8256289958953857
                ],
                [
                    0.0,
                    0.9357250332832336,
                    -0.35273027420043945,
                    -1.4219011068344116
                ],
                [
                    0.0,
                    0.0,
                    0.0,
                    1.0
                ]
            ]
        },
        {
            "file_path": "./train/r_39",
            "rotation": 0.012566370614359171,
            "transform_matrix": [
                [
                    0.5091881155967712,
                    0.41259852051734924,
                    0.7553078532218933,
                    3.044743299484253
                ],
                [
                    0.8606553077697754,
                    -0.2441050261259079,
                    -0.44686159491539,
                    -1.8013566732406616
                ],
                [
                    0.0,
                    0.8775961995124817,
                    -0.47940048575401306,
                    -1.9325251579284668
                ],
                [
                    0.0,
                    0.0,
                    0.0,
                    1.0
                ]
            ]
        },
        {
            "file_path": "./train/r_40",
            "rotation": 0.012566370614359171,
            "transform_matrix": [
                [
                    0.49102404713630676,
                    -0.04675722494721413,
                    -0.8698902130126953,
                    -3.5066397190093994
                ],
                [
                    -0.8711459636688232,
                    -0.026354853063821793,
                    -0.4903162717819214,
                    -1.9765281677246094
                ],
                [
                    -1.862645149230957e-09,
                    0.998558521270752,
                    -0.05367323011159897,
                    -0.21636371314525604
                ],
                [
                    0.0,
                    0.0,
                    0.0,
                    1.0
                ]
            ]
        },
        {
            "file_path": "./train/r_41",
            "rotation": 0.012566370614359171,
            "transform_matrix": [
                [
                    0.05534284561872482,
                    0.1503266841173172,
                    -0.9870861768722534,
                    -3.979071617126465
                ],
                [
                    -0.9984673857688904,
                    0.008332276716828346,
                    -0.05471200868487358,
                    -0.22055116295814514
                ],
                [
                    9.313225191043273e-10,
                    0.9886012077331543,
                    0.15055745840072632,
                    0.6069165468215942
                ],
                [
                    0.0,
                    0.0,
                    0.0,
                    1.0
                ]
            ]
        },
        {
            "file_path": "./train/r_42",
            "rotation": 0.012566370614359171,
            "transform_matrix": [
                [
                    -0.7005401253700256,
                    -0.01316838152706623,
                    0.7134916186332703,
                    2.876176357269287
                ],
                [
                    0.7136130928993225,
                    -0.012927144765853882,
                    0.7004208564758301,
                    2.823486328125
                ],
                [
                    0.0,
                    0.9998297691345215,
                    0.018453111872076988,
                    0.07438686490058899
                ],
                [
                    0.0,
                    0.0,
                    0.0,
                    1.0
                ]
            ]
        },
        {
            "file_path": "./train/r_43",
            "rotation": 0.012566370614359171,
            "transform_matrix": [
                [
                    0.85434490442276,
                    0.04755590483546257,
                    0.5175261497497559,
                    2.086214542388916
                ],
                [
                    0.5197065472602844,
                    -0.0781770795583725,
                    -0.8507605195045471,
                    -3.429525375366211
                ],
                [
                    -3.725290298461914e-09,
                    0.9958046078681946,
                    -0.09150529652833939,
                    -0.3688696622848511
                ],
                [
                    0.0,
                    0.0,
                    0.0,
                    1.0
                ]
            ]
        },
        {
            "file_path": "./train/r_44",
            "rotation": 0.012566370614359171,
            "transform_matrix": [
                [
                    0.7826917767524719,
                    0.255619078874588,
                    0.567496657371521,
                    2.2876522541046143
                ],
                [
                    0.6224095225334167,
                    -0.3214458227157593,
                    -0.7136378288269043,
                    -2.8767662048339844
                ],
                [
                    -1.4901161193847656e-08,
                    0.9117738604545593,
                    -0.4106926918029785,
                    -1.655555248260498
                ],
                [
                    0.0,
                    0.0,
                    0.0,
                    1.0
                ]
            ]
        },
        {
            "file_path": "./train/r_45",
            "rotation": 0.012566370614359171,
            "transform_matrix": [
                [
                    -0.3121744990348816,
                    0.7128124237060547,
                    0.6280490159988403,
                    2.5317468643188477
                ],
                [
                    0.9500247836112976,
